0.764705882353 1.799208E-01 5.894E-04 9.324131E-02 4.243E-04 9.402510E-02 4.260E-04 1.792317E-01 5.882E-04.
-0.176470588235 2.337469E-01 7.268E-04 2.536271E-01 7.571E-04 2.546712E-01 7.586E-04 2.348045E-01 7.284E-04.
0.294117647059 2.494404E-01 7.458E-04 2.179732E-01 6.971E-04 2.178216E-01 6.969E-04 2.483679E-01 7.442E-04.
-0.411764705882 1.944357E-01 6.509E-04 2.408344E-01 7.244E-04 2.396601E-01 7.226E-04 1.942113E-01 6.505E-04.
-0.0588235294118 2.462164E-01 7.489E-04 2.527813E-01 7.588E-04 2.530934E-01 7.593E-04 2.464351E-01 7.492E-04.
0.529411764706 2.252854E-01 6.901E-04 1.650148E-01 5.907E-04 1.666702E-01 5.936E-04 2.261543E-01 6.915E-04.
-0.647058823529 1.320711E-01 5.178E-04 2.044284E-01 6.443E-04 2.044061E-01 6.442E-04 1.326477E-01 5.190E-04.
0.0588235294118 2.525718E-01 7.585E-04 2.450592E-01 7.471E-04 2.468610E-01 7.499E-04 2.530410E-01 7.592E-04.
1.0 1.116195E-01 4.335E-04 0.000000E+00 0.000E+00 0.000000E+00 0.000E+00 1.108333E-01 4.320E-04.
-0.294117647059 2.178774E-01 6.970E-04 2.487090E-01 7.447E-04 2.496923E-01 7.461E-04 2.169498E-01 6.955E-04.
0.411764705882 2.392803E-01 7.224E-04 1.937993E-01 6.501E-04 1.943882E-01 6.511E-04 2.410207E-01 7.250E-04.
0.176470588235 2.528100E-01 7.563E-04 2.347149E-01 7.287E-04 2.343009E-01 7.281E-04 2.547964E-01 7.593E-04.
0.882352941176 1.473206E-01 5.173E-04 4.959673E-02 3.002E-04 5.001635E-02 3.014E-04 1.481671E-01 5.188E-04.
-0.529411764706 1.671628E-01 5.945E-04 2.257949E-01 6.909E-04 2.239302E-01 6.881E-04 1.662135E-01 5.928E-04.
0.647058823529 2.052203E-01 6.455E-04 1.325563E-01 5.188E-04 1.327594E-01 5.192E-04 2.055350E-01 6.460E-04.
-0.764705882353 9.419498E-02 4.264E-04 1.785077E-01 5.870E-04 1.789749E-01 5.878E-04 9.352896E-02 4.249E-04.
-0.882352941176 4.953721E-02 2.998E-04 1.483811E-01 5.189E-04 1.474301E-01 5.173E-04 4.964610E-02 3.002E-04.
-1.0 0.000000E+00 0.000E+00 1.115320E-01 4.333E-04 1.105943E-01 4.315E-04 0.000000E+00 0.000E+00.
